0 0
2.868 -2.30764

0 0
1.15883 1.53934
2.30269 3.05882
4.65645 6.18546
5.07325 6.73913
7.26989 9.52289

0 0
-4.53147 0.8943
-5.47323 2.46324
-8.84585 3.98109
-13.8495 0.653906
-14.4443 5.71853
-15.6531 6.91496

0 0
-4.08463 2.67305
-6.7052 1.26368
-10.1828 1.91907
-13.1371 4.32167

0 0
-2.43452 2.00119

2.868 -2.30764
5.18283 -3.22132

2.868 -2.30764
4.16527 -3.70667
7.66961 -6.82519
11.0108 -9.79851

2.868 -2.30764
3.99535 -7.19494
7.0309 -7.92302
8.47134 -9.54624
13.8371 -7.24946

2.868 -2.30764
5.71715 -4.04406

2.868 -2.30764
5.35829 -4.42347

2.868 -2.30764
3.86762 -4.61547
8.80009 -4.78531
10.3592 -2.78248
15.0777 2.43658
17.2354 2.78525

1.15883 1.53934
2.85845 3.20213

1.15883 1.53934
3.40199 5.50634

1.15883 1.53934
4.17873 3.44197

-4.53147 0.8943
-6.21749 1.21019

4.16527 -3.70667
4.48608 -6.26656

-4.53147 0.8943
-9.33748 0.807348
-12.2672 1.06066

-4.53147 0.8943
-6.82995 -1.02185

-4.53147 0.8943
-8.24554 2.54593

-2.43452 2.00119
-6.12847 6.36951
-7.92008 8.56473
-10.8545 8.76026
-15.0431 6.9358

-13.1371 4.32167
-17.6555 4.05375

11.0108 -9.79851
9.21144 -16.5518
16.3879 -13.8491
22.8213 -10.6501
23.8594 -11.1346
22.5829 -18.2955

1.15883 1.53934
0.927084 2.37882
1.76072 6.18991

-4.53147 0.8943
-7.23474 -0.120951
-11.225 -0.18766

-4.53147 0.8943
-7.40306 1.04238
-10.8208 1.52361
-14.1917 1.99824

-2.43452 2.00119
-3.63705 6.3268

4.16527 -3.70667
4.51348 -7.79783
8.9197 -9.25126
10.7102 -11.1084
15.9201 -9.5228
17.2049 -14.1497

5.18283 -3.22132
7.018 -6.4292

7.66961 -6.82519
13.4608 -4.1208

7.66961 -6.82519
6.88085 -9.42807

-13.1371 4.32167
-16.6831 0.19626
-17.4028 0.204727
-18.859 0.221858
-21.7404 0.255754

1.15883 1.53934
2.36113 4.97888
0.43499 7.52055
0.654378 11.3136
3.9467 15.1844

1.15883 1.53934
3.70121 3.5523
5.14072 6.14204
7.60056 8.50135
10.1194 11.3187

5.18283 -3.22132
9.1336 -2.34921
9.31408 -5.93115
13.8137 -2.06319
14.5041 -2.16631
18.4719 1.31417
21.3928 -0.219615
22.4882 -8.77709

3.40199 5.50634
5.6371 7.61899
7.4614 9.87755

10.3592 -2.78248
14.0757 -7.37804
16.1267 -10.483
18.4656 -9.82591
20.9757 -11.1616
20.0495 -15.1016

10.3592 -2.78248
14.5123 -4.20193
16.9231 1.37942

8.80009 -4.78531
12.0682 -4.26666

10.3592 -2.78248
13.7285 -0.141709

10.3592 -2.78248
10.1803 -7.02236
9.5017 -10.6399

8.80009 -4.78531
12.4392 -0.93239
13.8268 -3.05795
14.6194 -10.0605

3.40199 5.50634
2.08865 7.28071
3.01882 10.5231
-1.7778 13.3637
2.51028 16.2502

3.99535 -7.19494
8.7888 -7.69071

8.80009 -4.78531
13.3164 -2.9872
17.4504 -3.91458
20.5231 1.61989

8.80009 -4.78531
9.39289 -7.94017
15.2934 -5.46441
16.2974 -10.1951
18.9708 -11.8676
18.2356 -16.9174
21.9995 -16.1293
29.7053 -6.47366
32.745 -7.13608
36.4008 5.33939

10.3592 -2.78248
14.2295 1.69265

8.80009 -4.78531
12.5378 -4.64879

3.40199 5.50634
1.08423 7.10458

10.3592 -2.78248
14.1984 0.434881
16.2618 3.57064
18.7809 4.12377
23.1686 0.799294
26.5911 0.91737

10.3592 -2.78248
14.2156 -2.35568

11.0108 -9.79851
14.8176 -12.3285
17.8775 -14.8744
16.323 -20.1119

8.80009 -4.78531
9.12112 -7.31295
11.3396 -9.09161
10.6426 -14.2113
14.052 -13.0664

10.3592 -2.78248
13.3236 -3.88971
16.3052 -4.54324

8.47134 -9.54624
6.45274 -13.9581
8.029 -17.3678
9.99573 -18.4267
10.5016 -19.3593
11.3183 -22.0286
16.1943 -24.822
10.1988 -31.4028
13.8249 -33.2901

8.80009 -4.78531
9.85402 -7.99696

10.3592 -2.78248
12.4926 0.313826
16.974 0.426401
19.8859 0.49955
21.379 6.67622
24.4847 4.70273
26.746 10.2061
28.4339 11.5581

11.0108 -9.79851
12.3403 -12.9803

3.99535 -7.19494
9.79426 -7.61076
12.6857 -9.85758
14.6612 -8.38296
15.6535 -8.95037

